ID	SPQ1	SPQ2	SPQ3	SPQ4	SPQ5	SPQ6	SPQ7	SPQ8	SPQ9	SPQ10	SPQ11	SPQ12	SPQ13	SPQ14	SPQ15	SPQ16	SPQ17	SPQ18	SPQ19	SPQ20
1001	4	4	4	4	4	4	4	4	4	4	4	4	4	4	4	2	4	4	2	4
1002	1	3	2	2	3	5	3	4	1	4	4	2	3	3	2	2	3	4	3	4
1003	4	4	2	2	2	4	2	5	2	5	2	2	4	2	1	3	2	5	3	1
1004	5	5	5	4	1	4	5	5	4	5	3	2	4	2	1	4	2	3	4	4
1005	2	4	5	3	5	5	3	3	3	4	4	4	3	2	3	3	1	2	3	3
1006	3	4	2	4	3	3	2	4	4	4	4	4	4	1	2	4	3	5	3	4
1007	5	4	2	4	3	3	2	4	3	4	3	4	4	2	1	5	5	4	5	4
1008	4	4	1	4	5	3	1	2	4	5	1	2	5	2	1	2	4	5	2	4
1009	4	4	1	3	2	3	2	2	1	3	2	3	5	2	2	4	2	1	3	4
1010	3	4	5	5	2	3	5	5	1	4	5	4	3	3	3	1	3	5	4	5
1011	5	5	3	4	4	4	2	3	3	4	2	2	4	1	1	3	2	2	3	4
1012	3	2	2	4	4	4	4	5	2	4	2	4	4	2	3	5	2	3	4	4
1013	3	4	1	4	4	2	1	5	2	5	4	2	2	1	1	5	1	1	3	4
1014	2	4	4	4	1	2	5	2	3	4	3	3	5	2	2	3	1	2	3	4
1015	3	2	4	4	5	3	2	3	3	2	3	2	3	3	3	3	1	2	2	3
1016	4	5	3	4	5	3	3	2	5	4	2	3	5	3	3	4	3	4	2	4
1017	4	4	3	5	2	4	2	3	2	5	4	4	3	2	2	3	2	1	2	3
1018	3	5	1	4	3	2	1	4	2	5	3	2	2	3	2	2	2	3	4	4
1019	1	3	2	4	2	2	2	2	2	4	3	2	2	1	2	2	1	2	2	1
1020	3	2	3	3	3	3	4	2	3	5	3	4	3	2	2	4	2	2	4	4
1021	2	3	4	4	5	3	2	3	3	5	4	4	3	1	2	3	1	3	1	3
1022	4	4	1	2	3	4	4	4	5	5	3	2	4	2	1	3	2	3	3	3
1023	2	2	1	3	4	2	1	2	3	3	1	1	3	1	2	3	3	3	2	1
1024	5	4	1	5	5	5	1	3	4	3	3	3	4	2	2	2	2	2	2	3
1025	5	5	3	5	5	5	1	5	5	5	2	3	4	3	2	5	3	5	5	3
1026	4	4	1	1	5	5	1	3	4	5	2	2	4	3	1	1	3	5	1	1
1027	4	4	1	3	2	3	1	2	3	4	2	3	3	4	1	1	2	3	4	2
1028	4	2	1	1	5	3	1	5	4	3	2	2	5	5	2	4	1	5	2	1
1029	5	4	2	2	2	3	2	4	3	4	3	2	3	3	4	4	2	3	2	3
1030	4	4	2	3	3	3	2	2	3	4	3	2	3	2	1	3	3	4	3	2
1031	4	4	3	4	4	3	2	4	2	5	4	3	4	1	2	5	3	4	4	4
1032	4	4	3	3	5	4	2	4	3	4	5	2	3	3	2	4	4	5	4	4
1033	4	4	2	2	1	4	1	2	3	4	2	1	5	4	1	4	1	4	2	2
1034	3	3	2	4	4	3	2	5	3	4	5	3	4	2	3	3	2	2	5	5
1035	5	5	5	5	5	5	4	5	4	4	5	5	5	5	5	4	4	5	5	5
1036	4	5	2	2	4	3	3	3	4	5	4	2	4	1	1	3	2	4	3	3
1037	4	5	2	3	3	4	2	2	3	5	1	3	4	3	1	3	5	4	4	1
1038	4	4	1	4	4	3	1	3	4	3	2	2	4	4	2	5	2	5	3	1
1039	4	4	3	4	5	3	2	1	2	5	1	2	4	2	1	3	1	2	3	3
1040	4	2	1	2	4	1	2	3	4	5	2	1	5	1	1	5	1	4	5	3
1041	1	2	1	1	3	1	4	5	1	4	3	4	2	3	2	4	3	3	3	2
1042	3	4	3	2	2	1	3	4	2	2	2	2	2	3	2	1	3	2	3	2
1043	3	3	3	1	4	5	2	4	5	5	3	3	3	4	1	5	2	3	5	1
1044	4	4	2	3	3	3	2	2	2	4	4	4	4	3	1	3	4	3	2	3
1045	4	4	1	3	3	4	2	2	2	5	3	3	4	3	2	3	3	5	2	1
1046	4	4	3	4	5	5	3	4	5	5	3	3	5	3	2	1	5	5	1	2
1047	4	4	2	3	4	3	1	2	2	3	2	2	4	1	1	1	2	2	2	2
1048	2	4	1	1	4	3	1	5	3	4	1	2	3	2	1	2	2	2	2	3
1049	2	4	5	4	3	4	5	1	2	2	4	3	4	2	5	4	3	5	4	3
1050	4	4	2	4	3	4	2	4	4	5	3	2	4	4	2	4	3	2	3	2
1051	5	4	1	4	2	3	2	4	3	4	4	4	4	3	2	4	2	4	3	4
1052	3	2	4	4	3	1	1	5	1	5	4	4	3	2	2	3	4	5	4	3
1053	2	5	3	5	2	3	3	4	1	4	2	4	5	1	2	3	2	2	4	3
1054	4	5	3	2	3	4	1	4	2	5	2	2	4	1	1	3	4	4	2	2
1055	4	4	1	3	3	3	1	2	4	4	2	2	3	1	1	2	2	2	2	2
1056	1	2	4	4	2	4	3	3	3	3	3	3	3	2	4	3	3	3	3	3
1057	2	3	2	5	2	2	3	4	1	4	2	2	3	1	1	4	2	2	4	2
1058	3	4	3	2	4	3	1	4	2	4	2	1	3	1	1	3	1	2	3	4
1059	4	2	2	4	1	4	1	4	1	5	4	5	2	1	1	4	3	4	4	2
1060	4	4	1	3	3	4	2	3	4	4	4	3	4	3	2	4	2	4	4	4
1061	2	3	1	3	4	3	1	3	3	4	2	4	4	2	1	3	2	4	2	2
1062	4	4	1	3	5	4	1	4	3	5	3	3	4	2	1	4	3	5	3	2
1063	4	5	3	3	5	3	3	4	4	5	3	4	4	3	2	4	3	5	3	5
1064	2	3	2	4	3	4	2	4	2	4	3	2	3	3	1	3	2	3	2	3
1065	4	4	5	5	1	2	3	4	1	2	5	5	2	1	2	5	1	1	1	5
1066	4	3	1	1	3	3	2	4	3	5	3	2	4	1	1	1	3	4	4	2
1067	4	4	3	4	3	3	3	3	4	4	2	3	4	2	1	4	2	2	3	1
1068	4	4	3	2	4	2	2	2	1	5	3	1	4	2	2	5	3	5	5	2
1069	3	3	2	2	5	2	1	2	2	4	2	3	3	2	2	4	2	3	3	1
1070	3	5	1	5	2	2	1	3	1	5	1	2	3	3	3	5	4	3	2	3
1071	2	3	1	5	2	1	2	4	1	4	2	4	4	2	2	5	3	3	5	3
1072	3	4	2	2	2	2	1	2	3	4	1	1	4	3	1	1	2	4	1	1
1073	5	5	2	3	4	2	1	2	4	4	1	2	4	2	3	5	4	4	3	2
1074	5	4	3	5	3	4	2	2	4	5	3	3	4	2	2	4	3	5	3	2
1075	4	3	3	4	2	3	2	3	2	2	3	3	4	2	2	1	2	3	3	2
1076	4	5	2	4	3	3	1	2	3	4	1	2	4	2	1	2	3	5	2	1
1077	3	2	3	4	4	4	1	4	3	4	3	3	4	3	3	5	2	4	2	3
1078	4	4	3	5	3	2	1	3	1	3	3	4	3	1	3	4	2	2	5	3
1079	3	4	3	2	4	3	1	2	4	3	4	2	4	3	1	3	2	4	3	4
1080	5	4	2	3	5	4	2	4	4	4	2	3	5	3	2	3	4	5	2	3
1081	3	4	2	4	3	3	2	4	3	4	3	3	4	2	3	4	3	4	3	3
1082	4	5	2	2	1	2	2	3	4	4	2	3	4	3	1	4	2	2	2	3
1083	2	3	2	2	4	3	3	3	3	3	3	3	3	3	3	4	3	2	2	3
1084	5	4	2	4	5	3	1	2	4	4	4	2	3	2	2	3	1	3	3	4
1085	2	3	3	5	3	2	5	1	1	1	2	2	2	5	3	1	3	1	2	1
1086	4	5	1	3	3	4	2	4	2	4	3	3	5	4	2	3	3	2	3	4
1087	5	2	1	3	3	4	1	2	4	3	3	4	5	2	1	3	2	2	2	1
1088	5	4	1	3	4	4	1	4	2	5	3	2	5	3	1	2	4	5	1	3
1089	4	5	1	4	5	4	1	4	5	4	3	2	5	4	2	2	3	4	2	4
1090	4	4	2	3	4	4	2	2	3	5	2	2	4	2	1	3	4	4	3	2
1091	4	5	4	4	4	4	1	5	5	5	5	3	4	5	4	3	4	2	5	4
1092	2	4	5	4	3	2	3	5	2	4	5	3	3	1	3	5	3	3	4	4
1093	2	3	2	4	4	4	4	5	4	2	3	3	4	4	3	1	4	4	2	3
1094	2	2	2	5	1	5	2	5	4	5	1	1	4	2	1	5	3	5	5	5
1095	3	2	1	4	4	4	2	4	4	4	4	4	4	4	3	5	4	4	4	4
1096	2	3	2	5	3	3	2	4	4	5	1	2	5	1	2	2	3	5	2	3
1097	1	2	4	5	1	3	3	2	1	3	2	2	2	2	2	4	1	1	1	4
1098	3	4	4	2	4	3	1	3	3	4	1	1	4	3	1	2	2	3	1	1
1099	1	3	2	4	3	4	1	2	4	4	1	2	4	3	1	4	2	1	3	3
1100	4	4	3	4	5	4	1	2	3	5	3	3	4	2	1	3	4	4	2	1
1101	2	3	1	1	2	4	1	2	4	5	1	1	4	2	1	2	3	4	2	2
1102	2	4	1	2	2	2	2	4	2	4	3	1	4	1	1	4	2	5	3	4
1103	2	5	1	2	4	1	2	2	2	4	2	1	3	1	1	2	2	2	2	4
1104	4	3	2	3	4	4	2	3	4	2	2	3	4	2	3	4	2	2	2	1
1105	2	4	3	2	2	3	1	3	1	4	2	2	2	1	2	4	3	3	3	2
1106	2	4	3	5	3	4	1	4	1	5	3	4	3	1	1	4	3	4	2	5
1107	4	5	2	4	5	4	1	3	4	4	2	3	2	4	2	1	3	4	4	1
1108	5	5	1	1	4	5	1	3	5	5	1	2	5	3	3	3	4	4	2	2
1109	3	4	2	4	2	4	2	2	2	4	2	1	5	2	1	4	2	5	3	3
1110	3	4	2	2	2	1	2	4	1	3	5	4	2	1	2	2	1	3	4	3
1111	5	4	2	2	5	1	1	3	2	5	4	2	4	2	1	4	4	5	4	1
1112	5	4	2	2	4	2	2	3	4	3	4	3	5	3	1	3	4	4	3	4
1113	2	3	1	4	2	2	2	1	2	5	2	3	4	1	1	1	2	3	3	2
1114	3	2	2	5	4	3	2	5	2	2	4	4	2	1	1	4	2	2	4	4
1115	5	5	1	4	5	5	4	4	5	4	3	3	3	3	3	3	4	4	4	4
1116	2	2	4	4	2	4	3	4	4	3	4	3	5	2	2	4	4	4	3	4
1117	5	5	2	3	4	4	1	3	4	5	1	2	5	3	1	3	3	4	3	2
1118	4	4	3	4	2	4	1	3	3	4	4	3	3	2	3	4	3	5	3	3
1119	3	4	1	4	3	3	1	3	4	5	2	4	5	1	1	2	3	4	3	1
1120	2	4	1	3	3	3	1	5	3	4	2	3	5	4	2	2	3	4	3	4
1121	5	4	2	4	3	3	1	2	3	4	2	2	4	2	2	3	2	3	3	3
1122	4	4	2	4	1	3	3	3	1	4	3	4	3	1	2	5	2	2	4	4
1123	3	2	3	4	2	2	2	3	3	3	3	3	3	1	2	3	2	3	3	4
1124	2	3	2	5	4	3	2	4	1	4	3	2	5	1	1	2	2	4	2	3
1125	3	3	2	3	1	1	2	2	2	2	2	3	2	1	3	5	3	3	5	2
1126	3	2	2	4	4	2	1	3	2	4	4	3	4	1	1	2	1	2	2	3
1127	2	3	5	5	4	3	3	4	4	3	4	4	4	3	4	5	2	3	4	4
1128	2	2	5	5	2	2	1	5	1	5	5	5	4	1	3	5	1	1	5	5
1129	4	4	2	5	3	3	2	3	2	4	3	3	4	1	2	1	2	4	1	3
1130	3	4	4	4	4	3	2	5	3	3	3	3	4	4	2	4	2	4	3	3
1131	1	4	4	4	4	4	1	2	1	2	4	5	2	2	5	5	1	2	5	4
1132	2	3	2	4	5	5	2	5	5	4	3	2	5	5	1	1	5	5	4	5
1133	5	2	4	4	5	5	3	5	3	5	2	3	5	5	3	4	1	4	3	5
1134	4	3	2	4	3	4	1	4	2	5	4	2	3	3	1	5	3	5	4	1
1135	5	4	3	4	5	4	3	5	3	5	4	3	4	3	3	5	4	4	5	5
1136	4	5	1	1	2	4	1	2	2	4	2	1	3	2	2	4	4	4	3	2
1137	2	4	1	3	5	3	1	1	3	3	3	3	4	4	2	3	4	3	4	4
1138	3	3	5	5	4	3	3	3	2	3	4	4	4	3	5	5	3	3	5	5
1139	3	4	2	2	2	2	2	3	2	4	3	3	3	2	1	3	3	3	3	2
1140	3	3	3	3	3	3	3	3	3	3	2	2	2	2	2	3	3	3	4	5
1141	4	2	2	3	2	3	3	3	3	3	3	3	3	3	3	2	3	2	4	2
1142	1	3	3	3	3	2	3	1	1	1	2	3	4	3	4	3	3	3	3	3
1143	4	3	1	1	1	4	1	1	3	3	1	2	3	2	1	2	2	5	2	1
1144	4	4	1	2	5	3	2	4	4	4	2	2	3	4	3	4	2	2	2	4
1145	3	4	1	3	3	3	1	4	3	3	2	2	4	2	2	2	2	3	3	2
1146	4	4	3	4	2	4	3	3	2	4	3	4	3	3	2	2	2	2	5	3
1147	3	2	3	4	3	1	3	4	2	3	4	4	3	2	1	4	2	3	4	4
1148	3	4	5	5	3	3	2	3	4	5	4	4	3	1	3	3	2	4	5	2
1149	3	2	2	4	2	2	2	4	1	2	3	3	3	1	3	3	2	2	2	4
1150	3	4	1	1	4	4	2	4	4	4	1	2	5	2	2	3	1	3	3	1
1151	4	4	1	2	3	2	1	2	3	5	2	2	3	1	1	5	5	5	4	4
1152	3	2	1	2	3	3	1	3	3	5	2	1	4	3	1	1	3	4	1	3
1153	4	3	1	3	1	3	1	4	1	3	2	3	4	3	2	4	2	4	3	3
1154	4	5	1	2	3	3	2	4	5	4	2	1	4	4	1	3	2	4	2	1
1155	3	4	1	4	3	3	1	3	2	2	4	4	3	3	3	2	3	4	2	5
1156	4	4	2	2	4	3	1	4	2	4	4	2	4	2	2	2	2	4	1	2
1157	2	3	4	1	2	3	2	2	4	4	3	1	3	3	1	4	3	3	4	1
1158	4	4	2	4	4	4	3	4	2	4	4	1	4	3	3	5	4	3	2	1
1159	3	4	4	3	3	5	4	3	2	2	1	2	3	4	5	3	3	3	3	3
1160	1	2	1	3	2	2	2	2	1	3	1	2	3	1	1	2	1	2	1	3
1161	4	4	4	3	4	3	4	4	4	5	4	5	4	5	1	4	4	4	5	5
1162	4	4	1	3	4	4	1	4	4	4	2	2	4	4	2	4	4	4	2	2
1163	2	1	4	3	2	5	2	4	4	4	4	4	4	4	3	2	2	1	2	3
1164	2	3	1	2	2	2	1	3	3	2	3	3	4	1	1	4	3	5	4	4
1165	2	2	2	3	2	3	2	1	2	4	3	3	3	2	2	3	2	3	4	4
1166	3	4	3	3	3	3	4	3	3	3	4	3	3	3	3	4	3	3	3	3
1167	3	4	4	2	5	3	2	1	3	4	2	3	3	3	1	4	2	1	3	4
1168	2	3	1	5	2	2	2	4	2	4	2	3	2	2	2	3	1	2	4	2
1169	4	3	2	2	4	3	2	2	3	4	2	3	4	2	2	2	1	3	4	2
1170	1	1	3	3	4	2	2	4	1	1	3	2	2	1	3	4	4	3	3	3
1171	3	5	2	1	3	3	2	2	3	5	3	2	3	1	1	4	3	4	4	4
1172	3	2	1	4	3	2	3	3	3	4	2	4	3	2	2	2	1	2	1	2
1173	4	4	1	3	4	4	1	4	2	4	2	1	4	2	1	2	2	4	3	1
1174	5	5	3	3	5	5	1	4	5	5	3	3	5	5	2	4	4	5	2	3
1175	4	4	2	2	2	3	2	3	4	3	3	2	3	3	2	3	2	3	2	3
1176	3	2	2	4	3	4	1	2	3	2	3	2	4	2	1	3	1	2	3	1
1177	3	4	2	4	2	3	1	5	4	3	3	3	3	1	1	3	3	5	2	4
1178	3	3	3	4	4	2	1	3	3	3	4	4	2	1	1	5	1	2	3	2
1179	3	4	1	4	1	2	2	4	2	4	3	2	2	1	1	4	2	2	4	4
1180	5	4	2	5	2	3	1	4	1	4	3	2	4	2	2	4	1	5	4	5
1181	3	4	3	2	2	3	2	2	4	4	1	2	3	2	2	3	4	5	2	1
1182	4	4	4	5	3	3	1	4	4	5	4	5	4	2	3	4	3	3	5	2
1183	5	5	2	5	5	3	2	5	5	4	2	4	2	1	2	4	1	5	4	5
1184	2	4	2	2	1	2	2	2	2	2	4	4	3	3	2	2	2	3	3	4
1185	1	5	1	3	4	3	1	5	4	5	4	3	3	1	2	3	4	3	2	4
1186	2	2	5	2	2	3	3	3	3	3	3	3	3	3	3	3	3	3	3	3
1187	5	5	2	4	5	4	2	3	3	3	3	3	4	3	1	2	2	5	2	5
1188	4	3	4	2	5	4	1	3	4	2	4	2	4	4	1	4	2	2	2	2
1189	3	1	2	3	3	3	2	3	2	3	1	2	2	1	2	2	2	2	2	2
1190	3	3	4	5	1	2	3	2	1	2	2	2	2	1	2	3	2	2	5	2
1191	2	2	2	3	2	2	3	3	2	3	3	3	4	2	2	2	3	2	2	3
1192	3	4	1	3	4	1	1	3	3	4	2	1	4	1	1	3	2	1	1	4
1193	2	1	3	2	3	5	4	3	4	4	3	3	4	5	2	2	2	3	4	4
1194	3	5	2	1	5	4	1	2	3	5	1	1	4	4	2	2	3	4	1	1
1195	4	3	1	4	3	4	1	4	2	5	1	3	5	2	1	5	3	3	4	2
1196	1	2	2	3	2	2	2	1	3	3	1	3	2	1	2	3	2	1	3	1
1197	3	4	1	3	4	2	1	4	3	4	1	1	4	3	1	4	2	3	3	2
1198	3	5	2	2	4	4	1	4	3	5	2	2	4	4	1	3	4	5	2	2
1199	2	2	1	3	1	1	1	4	2	2	2	2	3	1	1	3	2	4	4	1
1200	2	4	2	3	4	4	1	3	3	4	3	5	4	3	2	2	3	4	2	3
1201	2	5	1	2	4	2	2	1	1	5	1	2	3	1	1	2	2	4	3	3
1202	4	5	1	3	5	5	2	4	2	5	1	2	4	2	2	5	3	5	4	3
1203	4	4	1	2	5	5	1	2	5	5	1	1	5	4	1	1	2	4	2	1
1204	4	3	4	2	5	3	2	5	5	4	4	5	5	2	1	3	3	2	2	2
1205	4	3	3	4	4	3	2	2	4	3	3	3	3	2	2	2	3	1	4	2
1206	3	4	2	2	5	4	1	2	3	4	1	2	4	2	2	2	4	4	2	2
1207	2	4	1	4	1	2	2	4	2	4	2	3	2	1	3	4	3	3	4	1
1208	3	2	2	2	5	4	2	2	3	4	2	1	4	3	2	1	4	4	2	1
1209	1	5	1	3	4	2	1	3	4	4	2	1	3	2	1	2	2	4	3	3
1210	4	4	4	2	2	1	1	3	1	4	2	2	2	1	1	3	1	4	2	2
1211	4	3	2	1	2	3	1	2	2	5	1	2	5	4	1	1	3	5	3	1
1212	5	3	4	5	2	1	1	3	1	5	2	1	1	1	1	5	2	3	5	3
1213	4	3	1	2	3	3	1	4	4	4	3	3	5	4	2	2	2	2	3	3
1214	3	2	1	2	4	3	3	4	4	3	2	4	4	2	2	1	3	4	4	2
1215	3	3	2	2	5	4	2	3	3	2	2	3	4	3	1	4	3	5	4	3
1216	3	3	4	4	3	2	2	4	1	4	2	4	3	2	3	4	1	2	2	2
1217	4	4	2	4	5	4	3	2	4	3	1	3	4	2	2	3	2	2	3	2
1218	3	4	3	4	3	3	2	3	4	4	2	4	4	3	1	4	1	4	3	2
1219	4	4	3	2	2	4	1	4	4	5	3	1	4	2	1	4	2	5	4	2
1220	2	1	3	4	3	1	2	3	1	4	3	3	2	1	2	2	2	1	1	1
1221	4	3	3	4	5	4	1	4	5	4	2	2	5	4	1	2	3	2	3	5
1222	2	2	4	4	5	3	2	4	2	4	4	5	3	1	1	5	1	2	5	4
1223	3	3	4	4	4	3	2	5	3	3	4	3	3	3	2	5	3	5	4	5
1224	2	1	4	4	4	2	2	4	2	2	4	3	3	1	3	3	2	3	4	3
1225	4	4	1	2	2	4	4	4	4	4	2	3	4	2	3	2	2	2	2	3
1226	2	3	2	2	1	2	2	3	1	5	1	2	3	2	1	3	1	5	3	1
1227	4	4	2	5	4	5	1	5	5	3	1	1	3	3	1	5	4	5	4	4
1228	4	5	1	2	5	5	2	2	4	4	2	2	4	3	1	3	2	5	3	2
1229	4	5	3	3	3	2	3	4	2	4	2	2	4	1	2	3	1	4	2	4
1230	2	1	3	2	3	2	2	2	2	1	4	4	4	4	5	4	3	4	5	4
1231	2	2	1	1	2	2	1	4	4	5	2	1	4	3	1	1	3	5	1	3
1232	3	4	2	2	2	4	2	4	4	5	4	3	4	3	1	1	3	2	4	4
1233	3	4	3	3	5	4	1	4	4	5	3	2	5	1	2	2	3	5	1	3
1234	4	4	1	2	2	3	1	2	3	4	1	2	4	1	2	4	2	5	3	2
1235	4	3	1	3	3	2	2	4	2	4	3	3	2	2	2	3	2	5	2	3
1236	5	4	2	4	3	3	1	2	4	5	3	3	5	2	1	3	2	4	3	1
1237	3	3	2	3	4	4	2	2	1	3	2	2	3	3	4	3	1	2	2	2
1238	4	2	2	3	2	3	2	3	3	4	3	4	4	1	2	3	2	4	3	2
1239	3	2	1	1	2	2	2	2	2	4	2	2	4	2	1	3	2	3	2	3
1240	3	3	1	2	3	3	2	4	2	4	2	3	3	2	1	3	4	5	2	2
1241	2	4	4	5	3	4	3	4	2	5	5	4	4	2	4	5	3	4	5	4
1242	3	3	1	4	3	2	1	3	2	2	3	3	3	1	1	4	2	3	3	3
1243	4	4	2	4	4	2	4	4	2	4	4	4	4	2	1	3	2	4	5	2
1244	4	4	3	3	3	2	1	4	1	4	2	2	5	1	2	1	2	5	2	5
1245	4	3	2	2	4	2	1	2	3	4	2	2	3	3	2	2	2	3	2	3
1246	3	2	3	4	2	2	4	5	1	3	4	3	3	1	2	5	2	2	4	4
1247	3	4	1	2	3	4	2	3	2	4	2	2	4	2	2	3	3	4	4	2
1248	5	5	3	4	5	5	2	4	4	5	3	3	4	4	2	3	3	4	3	3
1249	3	2	3	5	5	4	1	3	3	3	3	4	4	2	1	5	2	4	3	4
1250	4	3	2	4	3	3	2	4	4	4	3	3	4	2	4	3	3	4	3	4
1251	2	3	1	2	5	4	2	2	2	1	1	2	3	2	1	2	2	4	2	1
1252	2	3	4	4	4	4	2	3	2	2	4	4	2	2	2	3	3	3	4	4
1253	2	2	1	3	4	2	2	2	1	1	2	2	2	1	2	2	2	3	2	2
1254	2	4	1	1	5	3	2	4	4	3	3	1	3	3	3	3	5	5	3	3
1255	5	5	1	3	5	5	1	3	5	5	1	1	5	5	1	1	4	5	2	1
1256	3	3	1	4	4	3	1	4	2	5	4	3	4	2	1	3	4	4	2	1
1257	4	4	3	3	4	4	2	3	3	4	4	3	4	2	2	3	3	4	3	4
1258	4	4	1	4	3	3	2	4	3	4	3	3	4	3	2	3	2	4	3	3
1259	4	3	2	4	4	2	3	3	3	4	1	2	3	1	2	3	2	3	2	2
1260	2	1	1	4	4	2	2	2	2	4	2	1	3	1	2	5	2	5	5	4
1261	5	5	4	5	5	5	2	1	5	5	1	3	4	3	3	3	4	5	2	2
1262	5	5	1	4	5	4	2	1	5	4	2	1	5	4	1	1	4	4	1	3
1263	3	4	2	3	4	4	3	4	3	4	3	3	2	4	3	3	3	3	4	2
1264	2	2	3	5	4	3	1	5	2	5	4	4	4	1	1	3	2	3	3	5
1265	4	3	1	4	4	4	1	2	4	4	2	1	5	5	1	5	2	4	1	2
1266	5	5	1	3	2	3	1	4	2	4	2	2	4	2	1	4	5	5	4	2
1267	3	3	1	4	5	5	1	4	3	3	3	5	4	1	2	2	2	2	1	4
1268	5	5	2	2	5	4	1	4	5	4	3	2	4	5	1	2	3	4	2	3
1269	4	4	5	4	2	4	2	4	1	4	4	5	2	1	2	2	3	4	4	5
1270	3	4	2	4	3	2	1	4	3	5	3	4	4	2	3	4	4	3	4	3
1271	4	3	1	3	5	3	1	2	4	5	2	4	5	2	1	2	3	5	2	3
1272	2	3	2	2	4	3	2	4	3	4	4	3	3	3	3	3	2	4	3	4
1273	4	5	3	4	5	4	2	2	3	4	4	3	4	2	4	3	3	3	1	3
1274	4	5	2	3	4	3	2	4	3	5	3	4	3	2	3	4	2	3	3	3
1275	4	2	2	4	4	1	2	5	3	4	3	3	4	1	2	3	1	2	4	2
1276	4	4	2	3	5	4	2	4	3	5	3	2	4	2	2	3	5	5	2	4
1277	5	4	2	4	4	3	3	4	2	3	3	2	3	1	2	3	2	2	4	2
1278	5	5	1	4	4	3	1	3	4	5	2	3	5	2	1	1	2	4	3	3
1279	2	4	2	2	2	3	3	4	2	4	2	1	3	2	1	3	2	3	3	2
1280	3	2	1	2	1	2	1	2	2	4	1	2	4	2	1	4	3	5	2	2
1281	4	3	2	2	3	2	3	4	2	3	2	4	3	1	2	3	2	2	3	4
1282	2	3	1	4	4	2	1	3	2	3	3	4	4	3	2	5	3	3	4	4
1283	4	4	3	4	4	3	1	3	3	4	3	3	4	2	1	5	2	5	4	4
1284	4	3	1	2	4	3	1	1	4	5	2	2	4	3	1	3	2	4	3	2
1285	4	2	1	3	2	1	2	4	4	5	3	2	2	1	1	3	2	4	3	2
1286	4	4	1	4	5	5	2	4	4	3	2	4	4	2	1	5	1	5	4	3
1287	3	4	2	3	4	4	3	2	4	3	1	2	4	3	2	2	3	3	2	3
1288	1	4	3	4	4	4	4	4	4	4	4	4	4	4	4	4	4	4	4	4
1289	5	4	2	4	5	4	2	4	5	5	4	3	4	4	1	1	4	5	2	2
1290	3	4	3	4	4	3	3	5	4	3	2	3	4	2	4	4	3	4	5	4
1291	4	3	2	4	5	3	2	1	3	5	3	3	4	1	2	2	2	3	2	3
1292	5	3	1	4	4	4	1	5	4	5	1	1	4	1	1	2	4	3	3	1
1293	2	2	4	4	2	2	5	3	3	4	3	3	4	2	2	4	1	4	4	3
1294	4	5	1	1	5	4	1	4	4	5	3	1	5	3	1	2	4	5	1	1
1295	4	4	5	4	1	3	1	5	1	5	1	1	3	1	1	5	5	5	3	1
1296	5	4	1	1	5	5	1	3	4	5	2	1	5	3	1	1	3	5	1	1
1297	5	5	5	5	5	4	4	5	5	5	5	4	4	5	4	5	5	4	5	5
1298	5	5	2	4	1	4	2	5	2	5	4	4	3	3	1	1	1	2	3	1
1299	3	4	2	3	5	4	2	4	4	5	4	4	4	2	2	1	1	3	4	3
1300	4	5	1	2	4	3	1	1	4	4	1	2	4	3	1	2	2	4	1	1
1301	2	3	1	4	5	5	1	2	4	4	2	2	4	3	1	2	4	4	2	1
1302	4	4	3	4	4	5	1	3	4	5	3	2	4	2	1	4	3	4	4	2
1303	3	4	2	5	4	3	2	4	2	3	3	3	3	2	2	5	1	2	4	4
1304	5	3	2	3	2	4	1	4	4	5	1	2	4	4	2	2	2	5	2	2
1305	2	4	4	4	4	4	2	4	4	2	2	2	4	2	2	2	2	2	2	4
1306	5	4	2	4	4	4	2	3	4	5	2	3	5	3	1	1	3	4	2	1
1307	4	4	2	5	3	3	1	5	3	3	1	4	4	4	2	1	2	5	3	3
1308	4	4	1	2	2	4	2	2	4	5	3	2	4	3	1	5	3	5	3	4
1309	3	4	4	3	2	2	3	4	2	4	3	4	3	2	3	4	2	4	3	4
1310	3	1	2	5	2	2	3	1	2	4	1	2	3	2	1	4	4	3	3	4
1311	5	4	1	2	2	4	1	4	5	5	1	2	5	5	1	1	3	4	1	2
1312	1	1	5	4	1	1	5	3	1	2	3	5	1	1	5	5	1	1	5	4
1313	5	5	1	5	3	5	1	1	5	5	1	1	5	4	1	1	2	4	1	1
1314	3	5	1	1	2	5	1	3	3	4	4	1	5	1	3	1	4	3	3	3
1315	3	4	2	4	2	3	2	4	3	4	4	2	3	2	3	5	3	4	4	4
1316	5	5	4	4	3	3	1	3	3	3	2	2	3	2	2	4	3	4	3	3
1317	3	3	3	4	2	4	2	3	5	2	4	1	1	3	4	4	2	4	1	4
1318	4	3	2	4	5	4	1	2	2	5	3	3	4	3	1	2	3	3	1	1
1319	4	3	5	4	5	3	1	1	1	4	2	4	3	1	1	4	4	1	4	4
1320	4	3	4	5	4	3	2	5	4	4	3	2	4	1	1	3	1	2	3	2
1321	4	5	3	4	3	2	2	1	1	4	2	2	3	1	1	4	2	4	3	2
1322	3	5	5	5	5	3	1	5	4	4	4	3	4	3	4	2	3	3	1	2
1323	3	3	1	2	4	3	2	2	3	4	2	2	5	2	1	5	4	3	3	2
1324	3	2	2	4	4	2	3	3	2	4	3	4	3	1	4	4	2	4	4	2
1325	4	2	3	4	1	1	1	4	1	5	4	4	3	1	3	5	2	5	5	4
1326	4	5	1	4	3	3	2	2	2	5	2	2	3	3	1	3	4	5	1	4
1327	3	2	2	4	1	1	2	3	4	2	3	2	3	1	2	4	2	3	2	2
1328	5	5	1	1	2	4	1	4	2	4	2	2	4	2	2	1	2	2	4	3
1329	4	4	2	3	3	4	1	2	4	4	2	1	4	3	1	2	4	3	1	2
1330	3	3	2	5	3	2	1	4	2	1	3	3	3	3	3	3	3	3	3	3
1331	3	4	1	2	5	5	1	4	1	5	3	1	5	4	2	2	3	4	1	3
1332	5	5	3	5	4	5	2	5	3	5	2	1	4	3	1	4	4	4	3	3
1333	4	3	2	2	5	3	2	2	4	5	3	2	5	3	1	2	5	3	2	4
1334	4	4	2	4	4	5	3	1	3	5	1	3	2	2	1	4	2	5	4	4
1335	4	3	1	1	4	4	1	2	3	4	2	1	4	2	1	2	1	3	1	1
1336	4	4	1	2	4	5	2	3	3	5	2	2	4	4	1	4	5	5	2	5
1337	2	4	2	4	3	2	1	2	2	2	2	3	3	1	1	5	2	3	4	1
1338	5	4	4	4	4	3	3	3	3	4	1	3	2	2	3	4	2	3	4	2
1339	2	5	4	4	4	3	1	1	4	4	4	1	3	3	1	4	2	4	1	1
1340	4	4	5	5	3	2	4	4	3	5	4	5	3	2	2	3	2	3	3	5
1341	3	1	3	4	2	2	1	4	5	5	4	4	4	3	3	4	1	4	3	1
1342	2	1	3	2	2	2	3	4	2	3	4	3	3	1	3	4	3	3	4	2
1343	4	5	1	1	4	4	1	2	4	5	1	1	5	3	1	2	3	4	1	1
1344	3	4	2	3	4	2	1	3	2	3	3	3	4	2	3	2	1	2	3	3
1345	1	2	3	3	3	3	3	3	3	3	3	3	3	3	3	3	3	3	3	3
1346	3	4	1	4	5	3	1	3	2	5	1	1	3	2	1	1	3	4	1	3
1347	1	1	4	3	1	1	5	1	2	1	1	4	4	2	3	4	1	2	4	2
1348	4	3	2	2	3	2	3	3	3	5	2	1	4	2	2	4	2	4	5	3
1349	4	5	2	3	3	3	2	5	4	5	3	2	3	1	2	3	1	4	2	4
1350	3	2	4	4	5	5	4	5	5	4	4	4	5	4	4	3	3	5	4	3
1351	2	2	3	2	4	4	1	3	4	3	3	4	2	3	1	3	3	3	2	3
1352	2	3	4	4	2	2	3	4	1	4	4	3	3	1	1	4	3	3	3	4
1353	3	2	4	4	1	2	3	4	2	2	4	4	3	2	4	4	2	2	4	4
1354	2	2	2	4	3	2	3	4	1	3	2	4	2	2	2	4	4	4	5	3
1355	2	4	2	5	4	3	3	4	2	5	4	4	4	1	4	5	4	3	2	4
1356	4	5	3	1	4	2	1	1	3	4	1	4	5	3	1	5	1	4	5	3
1357	1	2	1	4	5	4	4	4	4	4	4	4	4	4	4	4	4	4	4	4
1358	5	5	1	4	5	5	1	2	5	5	2	2	4	5	1	4	4	5	3	4
1359	3	4	2	4	3	4	1	4	2	4	4	3	3	2	2	4	3	5	3	4
1360	4	5	3	4	4	3	2	3	2	4	2	3	4	2	1	3	2	3	4	2
1361	5	4	1	1	5	5	2	5	4	5	2	5	5	5	2	3	5	5	2	2
1362	4	5	3	2	3	1	2	3	2	5	4	4	4	2	1	4	3	2	4	3
1363	4	3	1	2	3	2	1	4	2	5	1	3	4	2	1	3	2	4	3	2
1364	3	3	2	1	3	3	1	5	2	5	3	2	3	2	1	3	2	4	3	2
1365	2	2	2	1	4	3	2	2	4	5	2	3	4	1	1	2	4	4	2	2
1366	4	4	1	2	3	2	3	5	2	5	3	4	3	1	4	4	4	5	4	5
1367	4	4	4	4	2	3	2	4	3	3	3	3	4	2	2	4	1	2	4	3
1368	3	5	3	3	2	3	2	3	2	3	4	3	2	2	1	5	1	2	5	5
1369	3	4	2	4	4	3	2	4	2	3	4	4	3	1	2	3	2	3	2	5
1370	4	4	1	3	3	4	1	2	3	4	2	2	4	2	1	3	3	3	4	1
1371	4	4	5	2	5	3	1	5	5	4	2	1	5	4	3	5	2	2	2	3
1372	3	4	2	5	3	3	2	3	4	5	1	2	4	3	1	2	3	4	2	2
1373	4	3	2	3	4	3	2	4	4	3	4	4	3	1	2	3	2	3	1	3
1374	3	4	2	5	1	1	2	5	2	4	3	3	2	1	2	3	2	2	5	2
1375	4	4	1	2	4	4	1	4	3	5	3	2	4	1	1	3	2	2	2	3
1376	4	3	2	1	1	2	2	4	1	3	3	2	4	1	3	4	3	3	2	1
1377	5	5	3	3	4	3	2	3	4	5	2	2	4	4	2	4	2	5	3	2
1378	4	3	3	3	4	2	2	3	2	3	3	2	4	2	2	5	3	1	5	3
1379	2	5	2	4	4	2	2	4	2	5	2	1	4	1	2	3	2	4	2	2
1380	4	3	1	4	5	4	1	3	2	4	1	1	5	5	4	2	3	3	2	1
1381	4	4	1	2	4	3	1	2	2	4	3	1	3	2	1	2	2	3	2	2
